roll : -3.11715804406, pitch : -0.0532325421858, yaw : -0.365821011218
roll : -3.11733257699, pitch : -0.0532325421858, yaw : -0.365821011218
roll : -3.11733257699, pitch : -0.0528834763354, yaw : -0.365821011218
